0.186 0.527 0.789
0.347 0.135 0.082
0.178 0.635 0.991
0.154 0.030 0.948
0.135 0.636 0.718
0.174 0.011 0.470
0.674 0.952 0.002
0.354 0.628 0.165
0.395 0.333 0.373
0.744 0.280 0.508
0.008 0.028 0.165
0.722 0.590 0.140
0.750 0.468 0.501
0.237 0.975 0.615
0.400 0.447 0.802
0.678 0.764 0.593
0.274 0.055 0.046
0.296 0.966 0.332
0.521 0.757 0.095
0.371 0.542 0.832
0.928 0.473 0.855
0.639 0.868 0.752
0.384 0.351 0.709
0.330 0.253 0.632
0.423 0.325 0.010
0.103 0.873 0.292
0.331 0.941 0.048
0.625 0.037 0.046
0.936 0.478 0.006
0.914 0.499 0.402
0.688 0.816 0.904
0.073 0.099 0.623
0.601 0.024 0.834
0.007 0.470 0.643
0.076 0.863 0.431
0.305 0.855 0.583
0.596 0.092 0.133
0.552 0.056 0.488
0.693 0.966 0.679
0.450 0.029 0.485
0.081 0.497 0.143
0.546 0.099 0.808
0.891 0.613 0.928
0.606 0.833 0.228
0.454 0.318 0.215
0.800 0.779 0.002
0.715 0.524 0.834
0.566 0.905 0.477
0.997 0.845 0.281
0.805 0.256 0.988
0.867 0.162 0.364
0.890 0.140 0.196
0.882 0.340 0.602
0.533 0.433 0.667
0.458 0.795 0.580
0.903 0.489 0.178
0.778 0.733 0.113
0.831 0.770 0.540
0.078 0.752 0.730
0.465 0.813 0.917
0.791 0.662 0.533
0.225 0.813 0.091
0.316 0.585 0.538
0.086 0.313 0.383
0.888 0.407 0.600
0.746 0.296 0.593
0.646 0.970 0.458
0.209 0.389 0.662
0.637 0.539 0.426
0.781 0.769 0.241
0.150 0.140 0.075
0.920 0.079 0.498
0.398 0.651 0.462
0.597 0.570 0.537
0.102 0.852 0.032
0.748 0.043 0.649
0.943 0.501 0.413
0.727 0.216 0.968
0.995 0.526 0.987
0.623 0.863 0.364
0.660 0.790 0.553
0.195 0.930 0.847
0.256 0.677 0.607
0.810 0.172 0.957
0.604 0.946 0.707
0.494 0.522 0.014
0.456 0.274 0.896
0.710 0.941 0.172
0.144 0.428 0.918
0.549 0.304 0.585
0.745 0.757 0.319
0.796 0.518 0.930
0.067 0.039 0.193
0.499 0.102 0.576
0.723 0.300 0.380
0.552 0.008 0.996
0.251 0.419 0.800
0.200 0.263 0.325
0.126 0.880 0.359
0.019 0.289 0.290
